----------------------------------------------------------------------
                 (1)       (2)       (3)       (4)       (5)       (6)
                HMLm        rm       smb      RMWc       wml       cma
----------------------------------------------------------------------
rm            -0.245               0.101    -0.097    -0.239    -0.082
           (-10.870)             (3.472)  (-8.463)  (-7.706)  (-5.431)

smb           -0.117     0.184              -0.115    -0.023     0.027
            (-3.564)   (3.472)            (-7.361)  (-0.532)   (1.318)

wml           -0.475    -0.356    -0.019    -0.004               0.218
           (-20.413)  (-7.706)  (-0.532)  (-0.269)            (11.786)

RMWc          -0.740    -1.042    -0.680              -0.029     0.058
            (-9.890)  (-8.463)  (-7.361)            (-0.269)   (1.170)

HMLm                    -0.639    -0.167    -0.180    -0.832     0.466
                     (-10.870)  (-3.564)  (-9.890) (-20.413)  (19.073)

_cons          1.112     1.320     0.541     0.522     1.106     0.009
            (11.227)   (7.900)   (4.231)  (10.593)   (8.096)   (0.129)
----------------------------------------------------------------------
N                642       642       642       642       642       642
adj. R-sq      0.536     0.261     0.145     0.316     0.457     0.476
----------------------------------------------------------------------
t statistics in parentheses
