--------------------------------------------------------------------------------
                 (1)       (2)       (3)       (4)       (5)       (6)       (7)
                 cma       cma       cma       cma       cma       cma       cma
--------------------------------------------------------------------------------
HMLm           0.501     0.306                         0.282               0.466
            (22.790)  (15.699)                      (13.623)            (19.073)

wml            0.253              -0.006                        -0.006     0.218
            (14.052)            (-0.328)                      (-0.309)  (11.786)

rm                                          -0.200    -0.132    -0.200    -0.082
                                         (-11.775)  (-8.361) (-11.769)  (-5.431)

RMWc                                        -0.277     0.037    -0.272     0.058
                                          (-5.160)   (0.704)  (-4.843)   (1.170)

smb                                                                        0.027
                                                                         (1.318)

_cons         -0.041     0.198     0.314     0.515     0.261     0.517     0.009
            (-0.657)   (2.929)   (3.911)   (6.805)   (3.766)   (6.803)   (0.129)
--------------------------------------------------------------------------------
N                642       642       642       642       642       642       642
adj. R-sq      0.447     0.277    -0.001     0.179     0.363     0.178     0.476
--------------------------------------------------------------------------------
t statistics in parentheses
